startPos
x: 30
y: 70
goalPos
x: 80
y: 30
New polygonal shape
x0: 8.870968
y0: 84.649123
x1: 8.640553
y1: 62.134503
x2: 21.082949
y2: 62.426901
x3: 32.373272
y3: 75.584795
End of polygonal shape
New polygonal shape
x0: 58.870968
y0: 76.461988
x1: 77.534562
y1: 66.520468
x2: 53.571429
y2: 42.836257
x3: 13.940092
y3: 40.497076
x4: 14.861751
y4: 47.807018
x5: 56.105991
y5: 57.748538
End of polygonal shape
New polygonal shape
x0: 72.926267
y0: 50.438596
x1: 94.585253
y1: 51.023392
x2: 93.433180
y2: 38.157895
x3: 69.009217
y3: 37.865497
End of polygonal shape
New polygonal shape
x0: 75.460829
y0: 25.584795
x1: 75.000000
y1: 13.596491
x2: 37.672811
y2: 19.444444
x3: 35.599078
y3: 29.678363
End of polygonal shape
New polygonal shape
x0: 19.470046
y0: 35.233918
x1: 28.917051
y1: 34.064327
x2: 29.377880
y2: 13.011696
x3: 17.165899
y3: 13.011696
x4: 12.096774
y4: 24.415205
End of polygonal shape