startPos
x: 30
y: 70
goalPos
x: 180
y: 75
New polygonal shape
x0: 49.062134
y0: 250.068493
x1: 51.875733
y1: 47.465753
x2: 249.531067
y2: 47.876712
x3: 250.937866
y3: 248.013699
x4: 224.560375
y4: 248.424658
x5: 225.615475
y5: 61.027397
x6: 70.515826
y6: 69.246575
x7: 72.626026
y7: 249.657534
End of polygonal shape
New polygonal shape
x0: 94.079719
y0: 249.246575
x1: 101.465416
y1: 94.315068
x2: 202.403283
y2: 98.424658
x3: 190.797186
y3: 243.082192
x4: 133.470106
y4: 246.369863
End of polygonal shape
